3 5 0 0 0 0
3 4 8 6 0 0
3 5 2 0 0 0
3 1 6 13 0 0
3 4 4 6 0 0
3 2 1 6 0 0
3 3 1 12 0 0
3 10 0 10 0 0
3 7 2 0 0 0
3 9 2 0 0 0
3 1 1 16 0 0
3 0 7 5 0 0
3 2 11 5 0 0
3 7 8 0 0 0
3 0 1 2 0 0
3 0 3 0 0 0
3 1 15 0 0 0
3 0 0 3 0 0
3 1 2 4 0 0
3 1 8 6 0 0
3 12 0 8 0 1
3 7 8 6 0 1
3 2 2 3 0 1
3 4 0 18 0 1
3 4 8 9 0 1
3 2 1 13 0 1
3 3 5 0 0 1
3 10 0 9 0 1
3 7 2 0 0 1
3 3 4 0 0 1
3 1 2 14 0 1
3 0 3 13 0 1
3 2 12 5 0 1
3 12 8 3 0 1
3 0 7 2 0 1
3 0 3 0 0 1
3 19 16 0 0 1
3 0 1 3 0 1
3 1 2 4 0 1
3 1 12 0 0 1
3 7 7 8 0 2
3 3 10 6 0 2
3 7 2 3 0 2
3 4 0 0 0 2
3 3 4 8 0 2
3 8 1 13 0 2
3 5 0 13 0 2
3 4 13 4 0 2
3 7 2 0 0 2
3 3 4 0 0 2
3 0 11 4 0 2
3 2 4 13 0 2
3 2 5 9 0 2
3 8 8 1 0 2
3 6 7 14 0 2
3 0 3 0 0 2
3 7 6 7 0 2
3 2 1 2 0 2
3 1 1 1 0 2
3 1 9 0 0 2
3 2 7 8 0 3
3 3 10 6 0 3
3 0 2 11 0 3
3 4 0 8 0 3
3 3 6 8 0 3
3 8 1 13 0 3
3 3 0 6 0 3
3 0 13 4 0 3
3 7 2 0 0 3
3 3 4 0 0 3
3 1 33 4 0 3
3 2 3 16 0 3
3 2 5 2 0 3
3 6 8 1 0 3
3 6 1 14 0 3
3 0 3 0 0 3
3 5 16 7 0 3
3 2 0 0 0 3
3 1 1 1 0 3
3 1 9 10 0 3
3 2 7 2 0 4
3 3 10 0 0 4
3 2 2 3 0 4
3 4 4 8 0 4
3 4 6 9 0 4
3 2 1 18 0 4
3 3 0 0 0 4
3 10 0 4 0 4
3 7 2 0 0 4
3 3 4 0 0 4
3 1 11 4 0 4
3 10 3 16 0 4
3 2 5 5 0 4
3 4 8 3 0 4
3 0 1 6 0 4
3 0 3 0 0 4
3 26 25 8 0 4
3 2 1 0 0 4
3 0 1 1 0 4
3 1 12 10 0 4
3 12 7 8 0 5
3 7 10 6 0 5
3 2 2 3 0 5
3 4 0 1 0 5
3 4 0 9 0 5
3 2 1 13 0 5
3 3 5 0 0 5
3 10 0 9 0 5
3 7 2 0 0 5
3 10 4 0 0 5
3 14 5 14 0 5
3 2 9 1 0 5
3 2 5 5 0 5
3 4 8 3 0 5
3 0 1 6 0 5
3 0 2 0 0 5
3 29 9 8 0 5
3 3 1 3 0 5
3 0 1 1 0 5
3 1 1 10 0 5
3 5 7 0 0 6
3 4 8 6 0 6
3 2 2 0 0 6
3 1 6 1 0 6
3 4 4 6 0 6
3 2 1 6 0 6
3 3 1 10 0 6
3 10 2 10 0 6
3 7 2 0 0 6
3 9 2 0 0 6
3 14 1 16 0 6
3 0 7 5 0 6
3 2 12 9 0 6
3 7 8 0 0 6
3 0 1 14 0 6
3 0 2 0 0 6
3 1 15 0 0 6
3 0 0 3 0 6
3 1 2 4 0 6
3 1 8 6 0 6
3 5 0 0 0 7
3 4 8 6 0 7
3 9 2 0 0 7
3 1 0 1 0 7
3 4 4 6 0 7
3 2 1 6 0 7
3 4 1 4 0 7
3 10 2 10 0 7
3 7 2 0 0 7
3 4 2 0 0 7
3 15 1 16 0 7
3 0 7 5 0 7
3 2 13 9 0 7
3 4 4 0 0 7
3 5 14 2 0 7
3 7 2 0 0 7
3 1 15 0 0 7
3 0 0 3 0 7
3 0 2 4 0 7
3 1 8 6 0 7
3 5 7 0 0 8
3 3 8 6 0 8
3 3 2 0 0 8
3 1 0 13 0 8
3 3 4 0 0 8
3 2 1 0 0 8
3 6 0 3 0 8
3 4 2 4 0 8
3 7 2 0 0 8
3 9 2 0 0 8
3 15 11 4 0 8
3 0 9 5 0 8
3 2 4 9 0 8
3 7 8 0 0 8
3 2 14 14 0 8
3 7 3 0 0 8
3 1 12 0 0 8
3 3 0 1 0 8
3 1 2 4 0 8
3 1 8 6 0 8
3 2 7 8 0 9
3 3 8 6 0 9
3 5 2 0 0 9
3 1 0 1 0 9
3 3 4 8 0 9
3 2 1 0 0 9
3 8 0 3 0 9
3 4 12 4 0 9
3 0 2 0 0 9
3 3 2 0 0 9
3 15 11 4 0 9
3 0 3 5 0 9
3 0 4 9 0 9
3 7 8 0 0 9
3 2 14 14 0 9
3 0 2 0 0 9
3 24 12 7 0 9
3 2 0 1 0 9
3 1 2 4 0 9
3 1 8 10 0 9
3 2 7 0 0 10
3 7 8 6 0 10
3 7 2 3 0 10
3 1 6 2 0 10
3 4 6 8 0 10
3 0 1 18 0 10
3 3 5 13 0 10
3 10 1 9 0 10
3 7 2 0 0 10
3 3 2 0 0 10
3 1 11 6 0 10
3 0 3 5 0 10
3 0 4 9 0 10
3 8 8 3 0 10
3 0 1 14 0 10
3 0 3 0 0 10
3 30 9 8 0 10
3 2 1 1 0 10
3 0 2 4 0 10
3 1 9 10 0 10
3 1 7 0 0 11
3 4 10 6 0 11
3 7 2 0 0 11
3 1 6 1 0 11
3 4 4 8 0 11
3 0 1 6 0 11
3 4 5 4 0 11
3 10 9 9 0 11
3 7 2 0 0 11
3 4 5 0 0 11
3 6 1 16 0 11
3 2 9 2 0 11
3 2 12 9 0 11
3 4 4 0 0 11
3 5 1 8 0 11
3 6 2 0 0 11
3 1 15 0 0 11
3 3 0 3 0 11
3 0 1 4 0 11
3 1 1 6 0 11
3 5 0 0 0 12
3 4 8 6 0 12
3 5 2 0 0 12
3 1 6 1 0 12
3 4 4 6 0 12
3 0 1 6 0 12
3 3 1 4 0 12
3 10 2 9 0 12
3 7 2 0 0 12
3 4 2 0 0 12
3 11 1 16 0 12
3 0 7 5 0 12
3 2 12 9 0 12
3 4 4 0 0 12
3 0 1 2 0 12
3 7 2 0 0 12
3 1 12 0 0 12
3 0 0 3 0 12
3 0 2 4 0 12
3 1 8 6 0 12
3 1 7 0 0 13
3 4 8 6 0 13
3 9 2 0 0 13
3 1 6 1 0 13
3 4 4 6 0 13
3 2 1 6 0 13
3 4 1 4 0 13
3 10 9 10 0 13
3 7 2 0 0 13
3 4 2 0 0 13
3 6 1 16 0 13
3 0 9 5 0 13
3 2 18 9 0 13
3 4 4 0 0 13
3 5 14 8 0 13
3 0 2 0 0 13
3 1 15 0 0 13
3 0 0 3 0 13
3 0 2 4 0 13
3 1 8 6 0 13
3 1 7 0 0 14
3 4 8 6 0 14
3 5 2 0 0 14
3 1 6 1 0 14
3 4 4 6 0 14
3 0 1 6 0 14
3 3 1 4 0 14
3 10 2 10 0 14
3 7 2 0 0 14
3 9 2 0 0 14
3 6 1 16 0 14
3 0 9 5 0 14
3 2 12 9 0 14
3 7 4 0 0 14
3 0 1 8 0 14
3 6 2 0 0 14
3 1 15 0 0 14
3 0 0 3 0 14
3 0 2 4 0 14
3 1 8 6 0 14
3 0 7 0 0 15
3 4 8 6 0 15
3 3 2 0 0 15
3 1 2 13 0 15
3 3 4 6 0 15
3 2 0 8 0 15
3 3 1 3 0 15
3 5 0 10 0 15
3 7 6 0 0 15
3 9 2 0 0 15
3 14 10 7 0 15
3 0 4 5 0 15
3 2 6 5 0 15
3 7 3 0 0 15
3 0 1 6 0 15
3 0 3 0 0 15
3 1 15 0 0 15
3 0 0 3 0 15
3 1 7 4 0 15
3 1 7 6 0 15
3 5 0 0 0 16
3 4 8 6 0 16
3 2 2 0 0 16
3 1 6 1 0 16
3 4 4 8 0 16
3 0 8 0 0 16
3 4 8 0 0 16
3 10 2 9 0 16
3 7 6 0 0 16
3 4 2 0 0 16
3 11 2 16 0 16
3 0 7 5 0 16
3 2 4 9 0 16
3 4 3 0 0 16
3 0 1 2 0 16
3 7 2 0 0 16
3 37 15 0 0 16
3 3 0 1 0 16
3 0 7 4 0 16
3 2 8 10 0 16
3 1 7 0 0 17
3 4 8 6 0 17
3 7 2 0 0 17
3 1 6 1 0 17
3 4 4 6 0 17
3 2 1 6 0 17
3 4 1 4 0 17
3 10 9 9 0 17
3 7 2 0 0 17
3 4 5 0 0 17
3 6 1 16 0 17
3 0 9 2 0 17
3 2 12 9 0 17
3 4 4 0 0 17
3 5 14 8 0 17
3 6 2 0 0 17
3 1 15 0 0 17
3 0 0 3 0 17
3 0 2 4 0 17
3 1 9 6 0 17
3 5 7 0 0 18
3 4 8 6 0 18
3 5 2 0 0 18
3 1 6 1 0 18
3 4 4 6 0 18
3 0 1 6 0 18
3 3 1 4 0 18
3 10 2 9 0 18
3 7 2 0 0 18
3 9 2 0 0 18
3 11 1 16 0 18
3 0 7 5 0 18
3 2 12 9 0 18
3 4 4 0 0 18
3 0 1 14 0 18
3 7 2 0 0 18
3 1 15 0 0 18
3 0 0 3 0 18
3 0 2 4 0 18
3 1 8 6 0 18
3 1 7 0 0 19
3 4 8 6 0 19
3 9 2 0 0 19
3 1 0 1 0 19
3 4 4 6 0 19
3 2 1 6 0 19
3 4 1 4 0 19
3 10 9 9 0 19
3 7 2 0 0 19
3 4 2 0 0 19
3 6 1 14 0 19
3 0 9 2 0 19
3 2 18 9 0 19
3 4 4 0 0 19
3 5 14 14 0 19
3 6 2 0 0 19
3 1 15 0 0 19
3 0 0 3 0 19
3 0 2 4 0 19
3 6 1 6 0 19
3 1 7 0 0 20
3 4 8 6 0 20
3 7 2 0 0 20
3 1 6 1 0 20
3 4 4 6 0 20
3 2 1 6 0 20
3 4 1 4 0 20
3 10 9 9 0 20
3 7 2 0 0 20
3 9 2 0 0 20
3 6 1 16 0 20
3 0 9 5 0 20
3 2 12 9 0 20
3 4 4 0 0 20
3 5 14 14 0 20
3 6 2 0 0 20
3 1 15 0 0 20
3 0 0 3 0 20
3 0 1 4 0 20
3 1 8 6 0 20
3 5 0 0 0 21
3 4 8 0 0 21
3 2 2 0 0 21
3 1 6 13 0 21
3 4 6 6 0 21
3 2 8 8 0 21
3 3 1 0 0 21
3 10 0 10 0 21
3 7 8 0 0 21
3 9 2 0 0 21
3 14 2 16 0 21
3 0 7 5 0 21
3 20 12 5 0 21
3 4 10 3 0 21
3 0 1 2 0 21
3 0 3 0 0 21
3 1 25 0 0 21
3 0 0 3 0 21
3 0 7 4 0 21
3 1 8 6 0 21
3 5 0 0 0 22
3 4 8 6 0 22
3 2 2 0 0 22
3 1 6 1 0 22
3 2 0 8 0 22
3 0 8 8 0 22
3 3 8 0 0 22
3 10 0 10 0 22
3 7 6 0 0 22
3 4 2 0 0 22
3 11 2 16 0 22
3 0 7 1 0 22
3 2 18 5 0 22
3 4 4 0 0 22
3 0 19 2 0 22
3 7 2 0 0 22
3 1 15 0 0 22
3 3 0 3 0 22
3 0 7 4 0 22
3 1 8 6 0 22
3 1 13 0 0 23
3 4 8 6 0 23
3 9 2 0 0 23
3 1 0 1 0 23
3 4 4 8 0 23
3 0 1 6 0 23
3 4 1 0 0 23
3 7 9 9 0 23
3 7 2 0 0 23
3 4 2 1 0 23
3 6 1 14 0 23
3 0 9 2 0 23
3 2 18 9 0 23
3 4 4 0 0 23
3 5 7 14 0 23
3 6 2 0 0 23
3 1 9 0 0 23
3 3 0 3 0 23
3 0 2 4 0 23
3 6 1 6 0 23
3 5 7 0 0 24
3 4 8 6 0 24
3 9 2 0 0 24
3 1 6 1 0 24
3 4 4 6 0 24
3 0 3 6 0 24
3 3 1 4 0 24
3 10 0 9 0 24
3 7 6 0 0 24
3 9 2 0 0 24
3 11 1 16 0 24
3 0 9 5 0 24
3 2 12 5 0 24
3 4 4 0 0 24
3 0 1 6 0 24
3 6 2 0 0 24
3 1 15 0 0 24
3 0 0 3 0 24
3 0 7 4 0 24
3 1 8 6 0 24
3 0 0 0 0 25
3 3 8 6 0 25
3 5 2 0 0 25
3 1 0 1 0 25
3 3 4 6 0 25
3 2 1 6 0 25
3 5 0 5 0 25
3 4 12 4 0 25
3 7 2 0 0 25
3 5 2 1 0 25
3 6 1 4 0 25
3 0 7 2 0 25
3 2 13 9 0 25
3 7 8 0 0 25
3 5 14 2 0 25
3 6 2 0 0 25
3 1 15 0 0 25
3 0 0 3 0 25
3 1 2 4 0 25
3 6 1 6 0 25
3 5 7 0 0 26
3 4 8 6 0 26
3 7 2 0 0 26
3 1 6 1 0 26
3 4 4 8 0 26
3 0 1 6 0 26
3 3 1 4 0 26
3 10 12 9 0 26
3 7 2 0 0 26
3 4 2 0 0 26
3 1 1 16 0 26
3 0 9 5 0 26
3 2 11 9 0 26
3 7 4 0 0 26
3 5 1 14 0 26
3 0 2 0 0 26
3 1 15 0 0 26
3 3 0 3 0 26
3 0 1 4 0 26
3 1 8 6 0 26
3 5 7 0 0 27
3 4 8 0 0 27
3 2 2 0 0 27
3 1 6 13 0 27
3 4 6 6 0 27
3 2 8 6 0 27
3 3 1 0 0 27
3 10 0 10 0 27
3 7 6 0 0 27
3 9 2 0 0 27
3 14 1 16 0 27
3 0 9 5 0 27
3 20 12 5 0 27
3 4 10 0 0 27
3 0 1 6 0 27
3 0 3 0 0 27
3 1 15 0 0 27
3 0 0 3 0 27
3 1 7 4 0 27
3 1 8 6 0 27
3 5 0 0 0 28
3 4 8 6 0 28
3 2 15 0 0 28
3 1 6 13 0 28
3 2 0 6 0 28
3 2 9 6 0 28
3 3 1 0 0 28
3 16 2 24 0 28
3 7 6 0 0 28
3 9 2 0 0 28
3 14 1 16 0 28
3 0 4 1 0 28
3 2 6 9 0 28
3 4 3 0 0 28
3 0 1 2 0 28
3 7 18 8 0 28
3 1 12 0 0 28
3 0 0 11 0 28
3 0 7 4 0 28
3 6 1 6 0 28
3 0 7 0 0 29
3 3 10 6 0 29
3 9 2 0 0 29
3 1 4 13 0 29
3 3 4 6 0 29
3 2 1 6 0 29
3 6 0 5 0 29
3 4 12 4 0 29
3 8 2 0 0 29
3 3 2 1 0 29
3 1 1 4 0 29
3 2 4 2 0 29
3 2 13 9 0 29
3 7 8 0 0 29
3 5 7 14 0 29
3 6 3 0 0 29
3 1 15 0 0 29
3 0 0 3 0 29
3 1 2 4 0 29
3 1 8 6 0 29
3 0 7 0 0 30
3 4 8 6 0 30
3 5 2 0 0 30
3 1 0 1 0 30
3 4 4 6 0 30
3 0 1 6 0 30
3 4 1 9 0 30
3 10 2 10 0 30
3 7 2 0 0 30
3 5 2 0 0 30
3 6 1 16 0 30
3 0 9 5 0 30
3 2 12 9 0 30
3 7 8 0 0 30
3 0 1 14 0 30
3 7 2 0 0 30
3 1 15 0 0 30
3 0 0 3 0 30
3 0 2 4 0 30
3 1 8 6 0 30
3 5 7 0 0 31
3 4 8 6 0 31
3 9 2 0 0 31
3 1 0 1 0 31
3 4 4 6 0 31
3 2 1 6 0 31
3 5 1 4 0 31
3 10 2 9 0 31
3 7 2 0 0 31
3 4 2 1 0 31
3 15 1 14 0 31
3 0 9 5 0 31
3 2 13 9 0 31
3 7 4 0 0 31
3 5 14 14 0 31
3 6 2 0 0 31
3 1 9 0 0 31
3 0 0 3 0 31
3 1 1 4 0 31
3 1 8 6 0 31
3 5 7 0 0 32
3 4 8 6 0 32
3 2 2 0 0 32
3 1 6 1 0 32
3 4 6 8 0 32
3 0 1 6 0 32
3 3 5 4 0 32
3 10 1 9 0 32
3 7 2 0 0 32
3 10 2 0 0 32
3 11 1 16 0 32
3 0 9 5 0 32
3 2 12 9 0 32
3 7 4 0 0 32
3 0 1 14 0 32
3 0 2 0 0 32
3 1 9 0 0 32
3 3 0 3 0 32
3 0 2 4 0 32
3 1 9 6 0 32
3 5 0 0 0 33
3 4 8 0 0 33
3 2 2 3 0 33
3 1 6 1 0 33
3 4 6 8 0 33
3 0 8 6 0 33
3 3 1 0 0 33
3 10 0 10 0 33
3 7 6 0 0 33
3 9 2 0 0 33
3 11 1 16 0 33
3 0 7 5 0 33
3 7 12 5 0 33
3 4 4 0 0 33
3 0 1 2 0 33
3 0 2 0 0 33
3 1 15 0 0 33
3 0 0 3 0 33
3 0 7 4 0 33
3 1 8 6 0 33
3 5 0 0 0 34
3 4 8 7 0 34
3 2 2 0 0 34
3 1 6 1 0 34
3 7 0 6 0 34
3 0 3 6 0 34
3 3 1 0 0 34
3 16 0 9 0 34
3 7 6 0 0 34
3 4 2 0 0 34
3 11 1 16 0 34
3 0 7 1 0 34
3 2 12 5 0 34
3 4 4 0 0 34
3 0 1 2 0 34
3 6 2 8 0 34
3 1 15 0 0 34
3 0 0 9 0 34
3 0 7 4 0 34
3 6 1 6 0 34
3 2 7 0 0 35
3 3 8 6 0 35
3 9 2 0 0 35
3 1 0 1 0 35
3 4 4 6 0 35
3 2 1 6 0 35
3 5 0 5 0 35
3 4 2 4 0 35
3 7 2 0 0 35
3 3 2 1 0 35
3 1 1 4 0 35
3 0 9 5 0 35
3 2 18 9 0 35
3 4 8 0 0 35
3 5 7 14 0 35
3 6 2 0 0 35
3 1 15 0 0 35
3 0 0 3 0 35
3 1 7 4 0 35
3 6 1 6 0 35
3 0 7 0 0 36
3 3 8 6 0 36
3 9 2 0 0 36
3 1 2 13 0 36
3 3 4 6 0 36
3 2 0 6 0 36
3 6 1 3 0 36
3 4 2 10 0 36
3 7 2 0 0 36
3 9 2 0 0 36
3 15 1 7 0 36
3 0 4 5 0 36
3 2 6 9 0 36
3 7 8 0 0 36
3 5 14 14 0 36
3 7 3 0 0 36
3 1 12 0 0 36
3 0 0 3 0 36
3 1 2 4 0 36
3 1 1 6 0 36
3 2 7 0 0 37
3 4 8 6 0 37
3 7 2 0 0 37
3 1 6 1 0 37
3 4 4 6 0 37
3 0 8 6 0 37
3 3 1 0 0 37
3 10 0 9 0 37
3 7 6 0 0 37
3 4 2 0 0 37
3 11 1 16 0 37
3 0 9 5 0 37
3 0 12 5 0 37
3 4 4 0 0 37
3 0 14 6 0 37
3 7 2 0 0 37
3 1 15 0 0 37
3 0 0 3 0 37
3 0 7 4 0 37
3 1 8 6 0 37
3 5 14 0 0 38
3 4 8 0 0 38
3 7 2 0 0 38
3 1 6 1 0 38
3 4 4 8 0 38
3 2 8 6 0 38
3 3 1 0 0 38
3 16 0 10 0 38
3 7 6 0 0 38
3 4 2 0 0 38
3 14 1 16 0 38
3 0 9 2 0 38
3 2 12 5 0 38
3 4 4 0 0 38
3 0 1 6 0 38
3 0 2 0 0 38
3 1 15 0 0 38
3 0 0 3 0 38
3 0 2 4 0 38
3 1 1 6 0 38
3 5 0 0 0 39
3 4 8 6 0 39
3 2 2 0 0 39
3 1 6 13 0 39
3 7 0 6 0 39
3 0 9 6 0 39
3 3 1 0 0 39
3 16 0 10 0 39
3 7 6 0 0 39
3 9 2 0 0 39
3 11 1 16 0 39
3 0 7 1 0 39
3 7 12 5 0 39
3 4 4 0 0 39
3 0 1 2 0 39
3 7 10 0 0 39
3 1 13 0 0 39
3 0 0 8 0 39
3 0 7 4 0 39
3 1 1 6 0 39
3 0 0 0 0 40
3 4 10 6 0 40
3 7 2 0 0 40
3 1 6 13 0 40
3 4 4 6 0 40
3 0 1 6 0 40
3 3 1 0 0 40
3 16 1 10 0 40
3 8 2 0 0 40
3 4 2 1 0 40
3 6 1 16 0 40
3 9 7 5 0 40
3 2 12 9 0 40
3 4 4 0 0 40
3 0 1 2 0 40
3 6 10 8 0 40
3 1 13 0 0 40
3 0 0 3 0 40
3 0 2 4 0 40
3 1 1 6 0 40
3 1 7 0 0 41
3 4 8 6 0 41
3 9 2 0 0 41
3 1 6 1 0 41
3 4 4 6 0 41
3 2 1 6 0 41
3 4 1 7 0 41
3 10 2 10 0 41
3 7 2 0 0 41
3 9 2 0 0 41
3 6 1 16 0 41
3 0 9 5 0 41
3 2 18 9 0 41
3 4 8 0 0 41
3 5 14 8 0 41
3 6 2 0 0 41
3 1 15 0 0 41
3 0 0 3 0 41
3 0 2 4 0 41
3 1 8 6 0 41
3 5 7 8 0 42
3 7 8 6 0 42
3 9 2 0 0 42
3 1 0 1 0 42
3 4 6 6 0 42
3 0 1 8 0 42
3 3 0 4 0 42
3 10 2 4 0 42
3 7 2 0 0 42
3 3 2 0 0 42
3 1 11 4 0 42
3 0 9 5 0 42
3 0 11 9 0 42
3 8 4 3 0 42
3 0 1 14 0 42
3 0 2 0 0 42
3 1 16 0 0 42
3 0 1 3 0 42
3 1 1 4 0 42
3 1 8 6 0 42
3 5 0 0 0 43
3 4 8 37 0 43
3 2 2 0 0 43
3 1 6 1 0 43
3 3 0 8 0 43
3 0 3 6 0 43
3 4 1 0 0 43
3 4 4 10 0 43
3 7 6 0 0 43
3 4 2 0 0 43
3 11 1 16 0 43
3 0 7 1 0 43
3 2 12 9 0 43
3 4 4 0 0 43
3 0 1 2 0 43
3 6 2 0 0 43
3 1 6 0 0 43
3 0 0 9 0 43
3 0 7 4 0 43
3 6 8 6 0 43
3 1 7 0 0 44
3 4 10 6 0 44
3 7 2 0 0 44
3 1 6 1 0 44
3 4 4 8 0 44
3 0 1 6 0 44
3 6 0 4 0 44
3 10 1 4 0 44
3 8 2 0 0 44
3 3 4 1 0 44
3 1 1 4 0 44
3 2 9 2 0 44
3 2 5 9 0 44
3 7 4 0 0 44
3 5 7 14 0 44
3 6 2 0 0 44
3 1 15 0 0 44
3 2 0 3 0 44
3 1 2 1 0 44
3 1 9 6 0 44
3 1 14 0 0 45
3 4 10 6 0 45
3 7 2 0 0 45
3 1 6 13 0 45
3 4 4 6 0 45
3 0 1 6 0 45
3 4 1 4 0 45
3 16 1 9 0 45
3 8 2 0 0 45
3 4 4 0 0 45
3 6 1 16 0 45
3 2 9 5 0 45
3 2 11 9 0 45
3 4 4 0 0 45
3 5 1 18 0 45
3 6 3 8 0 45
3 1 15 0 0 45
3 0 0 3 0 45
3 0 1 4 0 45
3 1 9 6 0 45
3 7 7 0 0 46
3 4 8 6 0 46
3 9 2 0 0 46
3 1 0 1 0 46
3 4 4 8 0 46
3 0 1 6 0 46
3 4 1 4 0 46
3 7 4 9 0 46
3 7 2 0 0 46
3 4 9 0 0 46
3 11 1 16 0 46
3 0 9 5 0 46
3 2 18 9 0 46
3 4 4 0 0 46
3 0 1 8 0 46
3 6 2 0 0 46
3 1 15 0 0 46
3 3 0 3 0 46
3 0 2 4 0 46
3 1 0 6 0 46
3 0 7 0 0 47
3 4 8 6 0 47
3 5 2 0 0 47
3 1 6 13 0 47
3 4 4 6 0 47
3 2 1 6 0 47
3 4 1 7 0 47
3 5 9 10 0 47
3 7 2 0 0 47
3 4 2 0 0 47
3 6 1 7 0 47
3 0 7 2 0 47
3 2 18 9 0 47
3 4 8 0 0 47
3 2 14 8 0 47
3 6 3 0 0 47
3 1 15 0 0 47
3 0 0 3 0 47
3 0 2 4 0 47
3 1 1 6 0 47
3 5 7 0 1 0
3 4 8 6 1 0
3 2 2 0 1 0
3 1 6 1 1 0
3 4 4 8 1 0
3 0 8 8 1 0
3 3 8 0 1 0
3 10 0 9 1 0
3 7 6 0 1 0
3 4 2 0 1 0
3 11 5 16 1 0
3 0 7 5 1 0
3 2 12 5 1 0
3 4 4 0 1 0
3 0 1 6 1 0
3 7 2 0 1 0
3 1 15 0 1 0
3 3 0 3 1 0
3 0 7 4 1 0
3 6 8 6 1 0
3 5 7 0 1 1
3 4 8 6 1 1
3 2 2 0 1 1
3 1 6 1 1 1
3 4 4 8 1 1
3 0 3 6 1 1
3 4 1 0 1 1
3 10 4 9 1 1
3 7 6 0 1 1
3 4 2 3 1 1
3 11 1 16 1 1
3 0 7 5 1 1
3 2 12 9 1 1
3 4 4 0 1 1
3 0 1 14 1 1
3 6 2 0 1 1
3 1 15 0 1 1
3 0 0 3 1 1
3 0 7 4 1 1
3 6 1 6 1 1
3 5 14 0 1 2
3 4 8 6 1 2
3 9 2 0 1 2
3 1 0 1 1 2
3 4 4 8 1 2
3 0 1 6 1 2
3 4 1 0 1 2
3 7 4 9 1 2
3 7 2 0 1 2
3 4 2 1 1 2
3 11 1 16 1 2
3 0 9 5 1 2
3 2 12 9 1 2
3 4 4 0 1 2
3 0 1 14 1 2
3 6 2 0 1 2
3 1 9 0 1 2
3 0 0 3 1 2
3 0 7 4 1 2
3 1 0 6 1 2
3 1 7 0 1 3
3 4 8 7 1 3
3 2 2 0 1 3
3 1 6 1 1 3
3 7 0 6 1 3
3 0 3 6 1 3
3 3 1 0 1 3
3 7 4 9 1 3
3 7 6 0 1 3
3 4 2 0 1 3
3 6 1 16 1 3
3 0 7 1 1 3
3 2 12 9 1 3
3 4 4 0 1 3
3 0 1 14 1 3
3 6 2 0 1 3
3 1 15 0 1 3
3 0 0 3 1 3
3 0 7 4 1 3
3 6 0 6 1 3
3 1 7 0 1 4
3 4 8 6 1 4
3 9 2 0 1 4
3 1 6 13 1 4
3 4 4 6 1 4
3 0 3 6 1 4
3 4 1 3 1 4
3 10 2 9 1 4
3 7 6 0 1 4
3 9 2 0 1 4
3 6 1 16 1 4
3 0 13 5 1 4
3 2 6 9 1 4
3 7 4 0 1 4
3 0 1 8 1 4
3 6 3 0 1 4
3 1 15 0 1 4
3 0 0 3 1 4
3 0 7 4 1 4
3 6 8 6 1 4
3 2 7 0 1 5
3 4 8 6 1 5
3 2 2 0 1 5
3 1 0 1 1 5
3 4 6 8 1 5
3 0 3 6 1 5
3 3 1 4 1 5
3 10 2 9 1 5
3 7 6 0 1 5
3 3 2 0 1 5
3 1 1 16 1 5
3 0 3 5 1 5
3 0 12 9 1 5
3 7 4 0 1 5
3 0 1 8 1 5
3 6 2 0 1 5
3 1 15 0 1 5
3 2 0 3 1 5
3 0 7 4 1 5
3 6 8 6 1 5
3 5 14 0 2 0
3 4 8 6 2 0
3 7 2 0 2 0
3 1 0 1 2 0
3 3 4 6 2 0
3 0 1 6 2 0
3 3 1 3 2 0
3 4 2 9 2 0
3 7 2 0 2 0
3 4 2 0 2 0
3 11 1 16 2 0
3 0 9 5 2 0
3 2 6 9 2 0
3 7 4 0 2 0
3 5 1 14 2 0
3 7 2 0 2 0
3 1 12 0 2 0
3 0 0 3 2 0
3 0 2 4 2 0
3 1 8 6 2 0
3 2 7 0 2 1
3 4 8 6 2 1
3 2 2 0 2 1
3 1 6 20 2 1
3 4 4 8 2 1
3 2 1 8 2 1
3 3 0 13 2 1
3 10 4 4 2 1
3 7 2 0 2 1
3 9 2 0 2 1
3 14 11 4 2 1
3 0 9 5 2 1
3 2 12 9 2 1
3 4 8 0 2 1
3 0 1 14 2 1
3 7 3 0 2 1
3 1 15 0 2 1
3 3 0 3 2 1
3 0 2 4 2 1
3 1 8 6 2 1
3 5 7 0 2 2
3 4 8 6 2 2
3 2 2 0 2 2
3 1 6 20 2 2
3 4 4 8 2 2
3 2 1 6 2 2
3 3 1 0 2 2
3 10 2 10 2 2
3 7 2 0 2 2
3 9 2 0 2 2
3 14 1 16 2 2
3 0 9 5 2 2
3 2 18 9 2 2
3 4 8 0 2 2
3 0 1 14 2 2
3 0 3 0 2 2
3 1 15 0 2 2
3 0 0 3 2 2
3 0 2 4 2 2
3 1 1 6 2 2
3 5 7 0 2 3
3 4 8 6 2 3
3 2 2 0 2 3
3 1 6 20 2 3
3 4 4 8 2 3
3 2 1 6 2 3
3 3 1 0 2 3
3 10 4 10 2 3
3 7 2 0 2 3
3 4 2 0 2 3
3 14 1 16 2 3
3 0 9 5 2 3
3 2 18 9 2 3
3 4 8 0 2 3
3 0 14 14 2 3
3 0 3 0 2 3
3 1 15 0 2 3
3 0 0 3 2 3
3 0 1 4 2 3
3 1 1 6 2 3
